1000
2920
652
4716
5438
9445
8220
9259
8065
8963
1874
9894
3317
5314
5653
2645
746
919
8183
6534
6186
3474
7761
4659
598
6043
5011
1150
1754
6674
5694
9373
9257
7975
5920
9509
5559
900
7073
1212
75
1422
6158
9023
7164
9871
5478
7044
5762
951
8958
7389
7073
9097
7929
86
2563
2548
690
5993
9354
9790
178
7786
5386
9721
2498
3274
1759
641
7660
7184
3261
354
4943
7907
9692
8698
8956
1991
3038
7018
5441
2764
5312
4205
4558
5026
463
4348
4007
6447
6142
5924
6327
9602
5721
4377
1031
1356
4573
7362
4321
1714
8387
2616
1575
1479
8812
6509
9817
453
7077
1114
9522
3644
1547
9019
6000
6761
1242
4853
6181
397
3097
2111
2224
1107
7322
3554
4669
3281
775
9497
3544
8660
2332
2859
7108
8760
1215
9141
1989
9693
1687
9374
6906
8143
4328
3835
2470
7647
8387
3809
1227
2252
5353
9618
3371
3694
222
2120
4711
3106
7025
703
3013
5079
2461
5112
2412
3122
8103
645
374
8194
4060
1081
5628
2177
6571
6640
4208
6490
1733
2776
3572
2488
4266
5187
6495
9455
548
9918
4809
4996
4899
5083
9166
2144
9681
7374
7716
1121
3148
8571
8193
765
3534
4730
1947
7210
1020
9986
6171
9466
3761
7446
2591
710
7898
1657
5058
1917
1116
8860
7469
5612
4815
2561
2074
9792
9687
3983
1568
9184
6694
2252
9530
370
6263
9975
3205
8677
8510
5747
5762
7737
4220
4297
3775
9881
2167
3804
5487
4331
9434
9567
9657
1418
8594
7598
2288
3157
4048
2873
3157
3222
1935
7973
9012
1065
4852
6027
6148
3273
5002
9815
3205
94
1115
3269
3172
3583
4593
1
386
7250
1049
1299
7435
3092
4692
1317
1222
8632
7025
3129
1947
573
1802
8995
5123
8532
8475
5063
2879
6533
2735
3312
3522
1727
2122
9505
2460
9926
5097
8980
7618
5305
6643
7504
9545
6096
1344
9190
7827
8937
5689
657
8799
6012
8990
6452
8745
3291
7769
6193
1454
9975
3264
9585
8856
3651
6050
8682
4164
9924
3580
8735
6942
6144
7198
9117
256
1427
2716
6794
2461
4180
919
1790
7723
8939
7544
1456
5459
6900
2716
1143
9886
6322
6503
6617
3136
8051
6666
5810
600
3211
4118
2369
6382
374
1587
269
4144
7877
5520
927
1726
8707
3059
7908
4411
9148
1516
4136
3536
3587
8301
1400
6841
3850
5971
7465
7207
8930
6879
2444
9979
2719
749
7104
3935
9910
4188
9233
9202
4387
8179
5703
177
1302
1661
9023
9601
9366
3093
6267
1738
7111
2578
7785
5686
2514
7236
5659
7523
5238
6583
6628
7923
7449
2169
8566
7703
4562
8999
4977
10000
2883
4827
6488
6243
7540
934
1817
6839
2035
5022
9318
9208
851
9128
8458
6139
2170
9
2182
6826
5181
5488
9615
413
6717
5275
2651
545
2938
3734
6106
9029
9375
3172
6332
2019
3485
4588
2845
6349
5950
1085
46
8874
575
6859
7462
813
8573
8911
5559
4337
1598
8142
6296
3349
5089
9107
5313
8512
4929
9745
1265
8074
7719
5040
4534
2582
761
4882
3416
4084
3975
3319
1631
6941
9282
8030
6815
2836
4513
8422
4275
6611
7948
7335
429
7866
3669
2214
7993
4181
4107
1420
2532
8776
6002
7272
7875
8229
1771
5343
621
3545
7742
5476
5147
2378
8404
2459
8062
9262
1341
3921
4140
8958
5193
87
7901
7989
1741
1305
7254
4500
5890
4896
1907
1240
8558
5579
858
858
7924
9104
1508
7777
4906
3984
7356
3019
7496
3288
1923
5343
2277
5744
7186
6599
4363
9905
400
3966
3268
9449
9574
1784
8076
1378
9662
476
758
8867
7358
1617
8964
8023
4969
8791
5408
4528
9695
5402
8392
4539
4417
9176
7898
7310
4420
2663
7788
5394
6246
3420
1359
7489
95
3686
8891
3457
6070
4869
8824
1481
6603
5560
4345
5630
4882
476
5513
847
8821
6323
1759
2719
5861
3320
2857
425
1700
1694
6344
7005
3505
896
735
2838
1557
4118
7619
8159
8677
9636
2616
9772
9696
2599
9986
1508
8446
5938
2288
3629
5832
3170
9604
925
9237
8164
8082
3033
9446
278
5989
3561
9283
2316
6419
8969
3449
5640
9541
6667
2521
852
2978
12
3872
5198
9602
5433
9288
4094
9531
2044
1009
6447
7469
3065
6542
8373
6593
6261
6656
293
1094
2657
8934
1804
1478
2812
8974
3413
9025
9410
3821
7451
8559
2300
7949
7846
3183
5332
4553
4207
7667
1513
4083
31
6675
4869
4403
3092
7854
525
588
6516
9024
1947
4969
3778
6973
1185
9838
6977
7511
8612
2788
9304
8836
3502
1121
9967
1979
8530
6568
88
334
6572
7925
9901
2258
7759
2020
3280
4471
1787
9301
3582
8449
8573
6047
1225
4100
4067
4301
3273
4666
3060
308
4190
4834
1839
694
8608
8859
6858
3065
6694
2109
754
9390
590
5552
454
5019
5708
1914
6272
9410
661
2013
6719
6803
937
5946
2948
185
6572
7065
6026
6281
4865
600
5116
7307
7827
153
2680
3255
3420
7473
1063
6524
2129
7140
5310
3811
9650
5848
9894
5782
2137
6912
3252
1148
9527
1522
9750
7731
551
2335
1770
4296
9448
6684
4545
5247
3724
8358
5178
8033
1142
6391
5068
8331
3136
331
3243
1466
9668
1097
5469
3486
2900
7245
1516
1723
7307
8054
1031
3533
2031
619
1446
9131
6281
4942
1932
5320
4735
9164
583
2773
4389
8887
4191
6633
358
6757
8455
1263
1719
3905
5811
4926
5809
6648
2641
3450
2278
1270
8593
4531
6277
5522
5784
1190
3327
4429
9504
5122
3927
8046
80
8602
3670
3148
8986
609
7989
7705
6945
1898
7230
304
7182
1090
8606
3724
290
263
8670
2241
2302
4984
5303
8701
4573
8309
4030
6611
3083
173
2991
8316
8542
6750
4148
4429
5419
768
4046
8389
1091
5802
7901
9648
4384
8110
4968
3874
1308
806
4215
2079
3014
3830
898
5121
3443
614
9693
8503
5083
1578
5292
4093
7229